MEMORY
  total           14992 KB
  struct            159 KB
  buffer            497 KB
  arena           14336 KB, used 0.6%

SIZES
  narena                14680064
  nbuffer               509312
  nplugin               0
  maxuse_stack          17712
  maxuse_arena          94416
  maxuse_con            29
  maxuse_efc            98
  ncon                  20
  ne                    7
  nf                    0
  nl                    6
  nefc                  73
  nJ                    1314
  nA                    0
  nisland               1
  nidof                 18
  ntree_awake           2
  nbody_awake           20
  nparent_awake         19
  nv_awake              18
  flg_energypos         0
  flg_energyvel         0
  flg_subtreevel        0
  flg_rnepost           0
  threadpool            0

TIMER
    0:  duration =  0.72       number = 1
    1:  duration =  0.71       number = 1
    2:  duration =  0          number = 0
    3:  duration =  0.64       number = 1
    4:  duration =  0.015      number = 1
    5:  duration =  0.0038     number = 1
    6:  duration =  0.046      number = 1
    7:  duration =  0.01       number = 1
    8:  duration =  0.031      number = 1
    9:  duration =  0.0062     number = 1
    10:  duration =  0.56       number = 1
    11:  duration =  0.04       number = 1
    12:  duration =  0.00036    number = 1
    13:  duration =  0.017      number = 1
    14:  duration =  0.49       number = 1

SOLVER STAT
  solver_fwdinv =   0         0       
  ISLAND 0
    solver_niter = 1
    solver_nnz = 324
      0:  improvement =  2.9e-09     gradient =  2e-07       lineslope =  2e-16   
          nactive = 73   nchange = 0   neval = 3   nupdate = 9

ENERGY =   0         0       

TIME =  1.9     

QPOS
   0.00038 
   0.025   
   0.0066  
  -0.0018  
  -0.00045 
   5e-05   
   0.93    
   1.1     
   0.9     
   0.93    
   1       
   0.9     
   0       
   0       
   0.0014  
   1       
   0       
   0       
   0       

QVEL
  -7.4e-06 
   0.00028 
  -0.00056 
   0.0011  
   0.0016  
   1e-05   
   2.7e-09 
  -2.3e-06 
  -2.9e-06 
  -1.2e-07 
   1.6e-06 
   3.3e-06 
   0       
   0       
  -4.8e-17 
   0       
   0       
   0       

QACC_WARMSTART
  -8.2e-05 
  -0.0063  
   0.015   
  -0.013   
  -0.018   
  -0.00083 
  -0.00028 
  -0.0032  
   0.00023 
   0.00029 
   0.0032  
  -0.00024 
   0       
   0       
  -7.4e-14 
   0       
   0       
   0       

CTRL
   0       
   0       
   0       
   0       
   0       
   0       
   0       

QFRC_APPLIED
   0       
   0       
   0       
   0       
   0       
   0       
   0       
   0       
   0       
   0       
   0       
   0       
   0       
   0       
   0       
   0       
   0       
   0       

XFRC_APPLIED
   0         0         0         0         0         0       
   0         0         0         0         0         0       
   0         0         0         0         0         0       
   0         0         0         0         0         0       
   0         0         0         0         0         0       
   0         0         0         0         0         0       
   0         0         0         0         0         0       
   0         0         0         0         0         0       
   0         0         0         0         0         0       
   0         0         0         0         0         0       
   0         0         0         0         0         0       
   0         0         0         0         0         0       
   0         0         0         0         0         0       
   0         0         0         0         0         0       
   0         0         0         0         0         0       
   0         0         0         0         0         0       
   0         0         0         0         0         0       
   0         0         0         0         0         0       
   0         0         0         0         0         0       
   0         0         0         0         0         0       

EQ_ACTIVE             1 1 1

QACC
  -8.2e-05 
  -0.0063  
   0.015   
  -0.013   
  -0.018   
  -0.00083 
  -0.00028 
  -0.0032  
   0.00023 
   0.00029 
   0.0032  
  -0.00024 
   0       
   0       
  -7.4e-14 
   0       
   0       
   0       

TREE_ASLEEP
  -11
  -11

XPOS
   0         0         0       
   0         0         0       
   0         0         0.16    
   5.2e-05  -0.14      0.16    
  -0.42     -0.0072    0.15    
  -0.82     -0.0073    0.14    
  -0.82     -0.13      0.14    
  -0.81     -0.13      0.04    
  -0.81     -0.23      0.04    
  -0.84     -0.3       0.044   
  -0.87     -0.32      0.033   
  -0.83     -0.31      0.028   
  -0.81     -0.36      0.031   
  -0.86     -0.26      0.039   
  -0.78     -0.3       0.036   
  -0.76     -0.32      0.047   
  -0.8      -0.31      0.052   
  -0.82     -0.36      0.049   
  -0.77     -0.26      0.041   
   0         0         0.0014  

XQUAT
   1         0         0         0       
   0         0         0        -1       
   0.00019   0         0        -1       
   0.00013   0.72      0.00014  -0.7     
   0.00013   0.72      0.00014  -0.7     
  -2.8e-06   1         0.00019   0.015   
   5.6e-07   1         0.00042   0.015   
   5.5e-07   1         0.00042   0.015   
  -0.71     -0.71      0.01     -0.011   
  -0.89      0.0067    0.013    -0.45    
   0.45      0.013    -0.0067   -0.89    
  -0.86      0.0075    0.013    -0.5     
   0.0011    1         0.074     0.015   
   0.71      0.7       0.041     0.063   
   0.013     0.45      0.89      0.0067  
  -0.0067    0.89     -0.45      0.013   
   0.013     0.5       0.87      0.0074  
   0.069    -0.015    -0.001     1       
   0.038    -0.059    -0.71      0.7     
   1         0         0         0       

XMAT
   1         0         0         0         1         0         0         0         1       
  -1         0         0         0        -1        -0        -0         0         1       
  -1         0.00038   0        -0.00038  -1        -0        -0         0         1       
   0.025     0.00038  -1         9.5e-06  -1        -0.00038  -1         2.7e-20  -0.025   
   0.032     0.00038  -1         1.2e-05  -1        -0.00038  -1         2.7e-20  -0.032   
   1         0.00038   0.03      0.00038  -1         1.1e-05   0.03      2.8e-20  -1       
   1         0.00084   0.03      0.00084  -1         1.1e-05   0.03      1.4e-05  -1       
   1         0.00084   0.03      0.00084  -1         1.1e-05   0.03      1.4e-05  -1       
   1        -0.03      0.00084   0.00084  -1.1e-05  -1         0.03      1         1.4e-05 
   0.59     -0.8      -0.03      0.8       0.6      -1.1e-05   0.018    -0.024     1       
  -0.59      0.8      -0.03     -0.8      -0.6      -1.1e-05  -0.018     0.024     1       
   0.5      -0.87     -0.03      0.87      0.5      -1.1e-05   0.015    -0.026     1       
   0.99      0.15      0.03      0.15     -0.99      1.1e-05   0.03      0.0044   -1       
   0.99     -0.03      0.15      0.15     -1.1e-05  -0.99      0.03      1         0.0044  
  -0.6       0.8       0.03      0.8       0.6       1.1e-05  -0.018     0.024    -1       
   0.6      -0.8       0.03     -0.8      -0.6       1.1e-05   0.018    -0.024    -1       
  -0.5       0.86      0.03      0.86      0.5       1.1e-05  -0.015     0.026    -1       
  -0.99     -0.14     -0.03      0.14     -0.99     -1.1e-05  -0.03     -0.0041    1       
  -0.99      0.03     -0.14      0.14      1.1e-05  -0.99     -0.03     -1        -0.0041  
   1         0         0         0         1         0         0         0         1       

XIPOS
   0         0         0       
   0         0         0       
   0         0         0.16    
  -0.21     -0.14      0.16    
  -0.62     -0.0072    0.15    
  -0.82     -0.13      0.14    
  -0.81     -0.13      0.04    
  -0.81     -0.21      0.04    
  -0.81     -0.27      0.04    
  -0.86     -0.31      0.039   
  -0.85     -0.34      0.039   
  -0.82     -0.33      0.04    
  -0.82     -0.36      0.04    
  -0.8      -0.39      0.04    
  -0.77     -0.31      0.041   
  -0.77     -0.34      0.041   
  -0.81     -0.33      0.04    
  -0.81     -0.36      0.04    
  -0.83     -0.39      0.04    
   0         0         0.0014  

XIMAT
   1         0         0         0         1         0         0         0         1       
  -1         0         0         0        -1        -0        -0         0         1       
  -1         0.00038   0        -0.00038  -1        -0        -0         0         1       
   0.025     0.00038  -1         9.5e-06  -1        -0.00038  -1         2.7e-20  -0.025   
   0.032     0.00038  -1         1.2e-05  -1        -0.00038  -1         2.7e-20  -0.032   
   1         0.00038   0.03      0.00038  -1         1.1e-05   0.03      2.8e-20  -1       
   1         0.00084   0.03      0.00084  -1         1.1e-05   0.03      1.4e-05  -1       
   0.00084  -1         0.03     -1        -0.00084   1.1e-05   1.4e-05  -0.03     -1       
  -0.037    -1        -0.012    -0.0028    0.013    -1         1        -0.036    -0.0032  
   0.73      0.03      0.69     -0.69      1.1e-05   0.73      0.022    -1         0.021   
  -0.78      0.03      0.63     -0.63      1.1e-05  -0.78     -0.023    -1         0.019   
   0.95     -0.03      0.32      0.32     -1.1e-05  -0.95      0.028     1         0.0095  
  -0.35      0.03      0.94     -0.94      1.1e-05  -0.35     -0.01     -1         0.028   
   0.99     -0.03      0.15      0.15     -1.1e-05  -0.99      0.03      1         0.0044  
  -0.73     -0.03     -0.69     -0.69     -1.1e-05   0.73     -0.022     1        -0.021   
   0.78     -0.03     -0.63     -0.63     -1.1e-05  -0.78      0.023     1        -0.019   
  -0.95      0.03     -0.31      0.31      1.1e-05  -0.95     -0.028    -1        -0.0093  
   0.36     -0.03     -0.93     -0.93     -1.1e-05  -0.36      0.011     1        -0.028   
  -0.99      0.03     -0.14      0.14      1.1e-05  -0.99     -0.03     -1        -0.0041  
   1         0         0         0         1         0         0         0         1       

XANCHOR
   0         0         0.16    
   5.2e-05  -0.14      0.16    
  -0.42     -0.0072    0.15    
  -0.82     -0.0073    0.14    
  -0.82     -0.13      0.14    
  -0.81     -0.13      0.04    
  -0.84     -0.3       0.044   
  -0.83     -0.31      0.028   
  -0.81     -0.36      0.031   
  -0.78     -0.3       0.036   
  -0.8      -0.31      0.052   
  -0.82     -0.36      0.049   
   0         0         0.0014  

XAXIS
   0         0         1       
   0.00038  -1         0       
   0.00038  -1         2.7e-20 
   0.00038  -1         2.8e-20 
   0.03      1.1e-05  -1       
   0.00084  -1         1.4e-05 
  -0.03     -1.1e-05   1       
  -0.03     -1.1e-05   1       
   0.03      1.1e-05  -1       
   0.03      1.1e-05  -1       
   0.03      1.1e-05  -1       
  -0.03     -1.1e-05   1       
   0         0         1       

GEOM_XPOS
   0         0         0       
  -6.7e-07   3.7e-07   0.094   
  -1.5e-07  -5e-07     0.031   
  -0.00016   0.0084    0.21    
   2.5e-05  -0.069     0.16    
   5e-05    -0.00056   0.14    
   0         0         0.12    
  -0.21     -0.14      0.16    
  -0.3      -0.11      0.16    
  -0.21     -0.12      0.16    
  -0.21     -0.18      0.16    
   3.7e-05  -0.098     0.16    
  -0.2      -0.14      0.16    
  -0.82      0.033     0.14    
  -0.63     -0.0068    0.15    
  -0.68     -0.024     0.14    
  -0.59     -0.019     0.15    
  -0.42     -0.087     0.15    
  -0.62     -0.0072    0.15    
  -0.82     -0.13      0.091   
  -0.82     -0.14      0.18    
  -0.82     -0.12      0.13    
  -0.82     -0.057     0.14    
  -0.81     -0.18      0.041   
  -0.81     -0.094     0.036   
  -0.81     -0.15      0.043   
  -0.82     -0.13      0.1     
  -0.81     -0.15      0.04    
  -0.81     -0.21      0.041   
  -0.81     -0.21      0.04    
  -0.81     -0.28      0.04    
  -0.81     -0.24      0.04    
  -0.81     -0.33      0.04    
  -0.81     -0.28      0.04    
  -0.86     -0.31      0.039   
  -0.86     -0.31      0.039   
  -0.85     -0.34      0.039   
  -0.85     -0.34      0.039   
  -0.82     -0.33      0.04    
  -0.82     -0.33      0.04    
  -0.82     -0.36      0.04    
  -0.8      -0.38      0.04    
  -0.82     -0.36      0.04    
  -0.8      -0.38      0.04    
  -0.8      -0.38      0.04    
  -0.8      -0.39      0.041   
  -0.77     -0.31      0.041   
  -0.77     -0.31      0.041   
  -0.77     -0.34      0.041   
  -0.77     -0.34      0.041   
  -0.81     -0.33      0.04    
  -0.81     -0.33      0.04    
  -0.82     -0.38      0.04    
  -0.81     -0.36      0.04    
  -0.82     -0.38      0.04    
  -0.81     -0.36      0.04    
  -0.83     -0.38      0.04    
  -0.83     -0.39      0.039   
   0         0         0.0014  

GEOM_XMAT
   1         0         0         0         1         0         0         0         1       
   1.1e-05   1         0         0         0         1         1        -1.1e-05   0       
  -9.9e-06  -0.61     -0.79      1.9e-05   0.79     -0.61      1        -2.1e-05   3.6e-06 
  -0.0015    0.99      0.16      0.32     -0.15      0.93      0.95      0.055    -0.32    
   0.00039   0.99     -0.17     -1         0.00039  -5.1e-05   1.6e-05   0.17      0.99    
   0.0022   -0.052    -1        -0.74     -0.68      0.034    -0.68      0.74     -0.04    
  -1         0.00038   0        -0.00038  -1        -0        -0         0         1       
   0.023     0.0094   -1         0.35     -0.94     -0.00069  -0.94     -0.35     -0.025   
   0.025    -0.18     -0.98      0.00049  -0.98      0.18     -1        -0.0049   -0.025   
  -0.0091   -0.025    -1        -1         0.0018    0.009     0.0016    1        -0.025   
   3.3e-05  -0.025    -1        -1         0.00047  -4.5e-05   0.00047   1        -0.025   
   0.025    -1        -0.00038   9.5e-06  -0.00038   1        -1        -0.025    -1.1e-16 
   0.025     0.00038  -1         9.5e-06  -1        -0.00038  -1         2.7e-20  -0.025   
   0.31     -0.17     -0.94     -0.95     -0.045    -0.3       0.01      0.98     -0.18    
   0.0073   -0.031    -1        -0.97     -0.24      0.00024  -0.24      0.97     -0.032   
   0.032     0.15     -0.99     -0.0049   -0.99     -0.15     -1         0.0096   -0.031   
   0.021    -0.032    -1        -1         0.00076  -0.021     0.0014    1        -0.032   
   0.032    -1        -0.00038   1.2e-05  -0.00038   1        -1        -0.032    -2.8e-17 
   0.032     0.00038  -1         1.2e-05  -1        -0.00038  -1         2.7e-20  -0.032   
   0.03      0.39      0.92      0.00019   0.92     -0.39     -1         0.012     0.027   
   0.029    -1         0.067     0.3       0.073     0.95     -0.95     -0.0068    0.31    
   0.025    -1        -0.016     0.51     -0.00063   0.86     -0.86     -0.029     0.51    
   1         0.03     -0.00038   0.00038   1.1e-05   1         0.03     -1        -7.4e-17 
   0.00084  -0.98      0.21     -1        -0.00082   0.00016   1.4e-05  -0.21     -0.98    
  -0.0087   -0.99      0.14     -0.95     -0.034    -0.3       0.3      -0.14     -0.94    
   0.021    -1        -0.021     0.69     -0.00057   0.72     -0.72     -0.03      0.69    
   1         0.00084   0.03      0.00084  -1         1.1e-05   0.03      1.4e-05  -1       
   1         0.03     -0.00084   0.00084   1.1e-05   1         0.03     -1        -1.4e-05 
   0.0012   -0.97      0.25     -1        -0.0024   -0.0044    0.0049   -0.25     -0.97    
   1         0.03     -0.00084   0.00084   1.1e-05   1         0.03     -1        -1.4e-05 
   0.037     1         0.014    -0.0027    0.014    -1        -1         0.036     0.0032  
  -0.0014   -0.1       0.99      1        -0.0026    0.0012    0.0025    0.99      0.1     
   0.00084   0.03      1        -1         1.1e-05   0.00084   1.4e-05  -1         0.03    
   0.037     1         0.014    -0.0027    0.014    -1        -1         0.036     0.0032  
   0.73      0.03      0.69     -0.69      1.1e-05   0.73      0.022    -1         0.021   
   0.73      0.03      0.69     -0.69      1.1e-05   0.73      0.022    -1         0.021   
  -0.78      0.03      0.63     -0.63      1.1e-05  -0.78     -0.023    -1         0.019   
  -0.78      0.03      0.63     -0.63      1.1e-05  -0.78     -0.023    -1         0.019   
   0.95     -0.03      0.32      0.32     -1.1e-05  -0.95      0.028     1         0.0095  
   0.95     -0.03      0.32      0.32     -1.1e-05  -0.95      0.028     1         0.0095  
  -0.35      0.03      0.94     -0.94      1.1e-05  -0.35     -0.01     -1         0.028   
   0.93     -0.03      0.37      0.37     -1.1e-05  -0.93      0.028     1         0.011   
  -0.35      0.03      0.94     -0.94      1.1e-05  -0.35     -0.01     -1         0.028   
   0.93     -0.03      0.37      0.37     -1.1e-05  -0.93      0.028     1         0.011   
   0.99     -0.03      0.15      0.15     -1.1e-05  -0.99      0.03      1         0.0044  
   0.99     -0.03      0.15      0.15     -1.1e-05  -0.99      0.03      1         0.0044  
  -0.73     -0.03     -0.69     -0.69     -1.1e-05   0.73     -0.022     1        -0.021   
  -0.73     -0.03     -0.69     -0.69     -1.1e-05   0.73     -0.022     1        -0.021   
   0.78     -0.03     -0.63     -0.63     -1.1e-05  -0.78      0.023     1        -0.019   
   0.78     -0.03     -0.63     -0.63     -1.1e-05  -0.78      0.023     1        -0.019   
  -0.95      0.03     -0.31      0.31      1.1e-05  -0.95     -0.028    -1        -0.0093  
  -0.95      0.03     -0.31      0.31      1.1e-05  -0.95     -0.028    -1        -0.0093  
  -0.93      0.03     -0.36      0.36      1.1e-05  -0.93     -0.028    -1        -0.011   
   0.36     -0.03     -0.93     -0.93     -1.1e-05  -0.36      0.011     1        -0.028   
  -0.93      0.03     -0.36      0.36      1.1e-05  -0.93     -0.028    -1        -0.011   
   0.36     -0.03     -0.93     -0.93     -1.1e-05  -0.36      0.011     1        -0.028   
  -0.99      0.03     -0.14      0.14      1.1e-05  -0.99     -0.03     -1        -0.0041  
  -0.99      0.03     -0.14      0.14      1.1e-05  -0.99     -0.03     -1        -0.0041  
   1         0         0         0         1         0         0         0         1       

SITE_XPOS
  -0.81     -0.23      0.04    

SITE_XMAT
   1        -0.03      0.00084   0.00084  -1.1e-05  -1         0.03      1         1.4e-05 

LIGHT_XPOS
   0         0         1.5     

LIGHT_XDIR
   0         0        -1       

SUBTREE_COM
  -0.28     -0.081     0.11    
  -0.28     -0.082     0.12    
  -0.34     -0.1       0.14    
  -0.43     -0.13      0.14    
  -0.74     -0.11      0.1     
  -0.81     -0.17      0.075   
  -0.81     -0.2       0.04    
  -0.81     -0.26      0.04    
  -0.81     -0.28      0.04    
  -0.85     -0.33      0.039   
  -0.85     -0.34      0.039   
  -0.82     -0.35      0.04    
  -0.81     -0.37      0.04    
  -0.8      -0.39      0.04    
  -0.77     -0.33      0.041   
  -0.77     -0.34      0.041   
  -0.81     -0.35      0.04    
  -0.81     -0.37      0.04    
  -0.83     -0.39      0.04    
   0         0         0.0014  

CDOF
   0         0         1         0.082    -0.28      0       
   0.00038  -1         0         0.048     1.8e-05  -0.28    
   0.00038  -1         2.7e-20   0.037     1.4e-05   0.15    
   0.00038  -1         2.8e-20   0.025     9.4e-06   0.54    
   0.03      1.1e-05  -1         0.052    -0.54      0.0016  
   0.00084  -1         1.4e-05  -0.075    -5.6e-05   0.54    
  -0.03     -1.1e-05   1        -0.22      0.57     -0.0065  
  -0.03     -1.1e-05   1        -0.22      0.55     -0.0067  
   0.03      1.1e-05  -1         0.28     -0.53      0.0083  
   0.03      1.1e-05  -1         0.22     -0.51      0.0065  
   0.03      1.1e-05  -1         0.22     -0.53      0.0067  
  -0.03     -1.1e-05   1        -0.28      0.54     -0.0083  
   0         0         0         1         0         0       
   0         0         0         0         1         0       
   0         0         0         0         0         1       
   1         0         0         0         0         0       
   0         1         0         0         0         0       
   0         0         1         0         0         0       

CINERT
   0         0         0         0         0         0         0         0         0         0       
   0.084     0.36      0.34     -0.091     0.13      0.038     1.1       0.33     -0.46      4       
   0.043     0.3       0.32     -0.084    -0.049    -0.014     1         0.3       0.18      3.7     
   0.057     0.18      0.2       0.031    -0.026     0.02      0.54     -0.47      0.36      8.4     
   0.019     0.3       0.31      0.058     0.023    -0.0053   -0.78      0.17      0.07      2.3     
   0.0067    0.36      0.36     -0.035     0.016     0.0016   -0.66     -0.064     0.03      1.2     
   0.013     0.36      0.36     -0.034    -0.049    -0.0048   -0.65     -0.064    -0.092     1.2     
   0.0043    0.056     0.058    -0.013    -0.0076   -0.0018   -0.1      -0.024    -0.014     0.19    
   0.031     0.23      0.25     -0.077    -0.031    -0.011    -0.42     -0.14     -0.058     0.78    
   0.00054   0.0031    0.0035   -0.0012   -0.0004   -0.00016  -0.0052   -0.0021   -0.00069   0.009   
   0.001     0.0048    0.0056   -0.0021   -0.00062  -0.00027  -0.0081   -0.0036   -0.0011    0.014   
   0.0015    0.0066    0.0079   -0.003    -0.0009   -0.00042  -0.012    -0.0056   -0.0017    0.022   
   0.001     0.0037    0.0046   -0.0019   -0.00051  -0.00026  -0.0068   -0.0035   -0.00094   0.013   
   0.00034   0.00097   0.0013   -0.00055  -0.00014  -7.9e-05  -0.0018   -0.0011   -0.00026   0.0035  
   0.00053   0.0022    0.0027   -0.001    -0.00033  -0.00015  -0.0044   -0.0021   -0.00067   0.009   
   0.001     0.0036    0.0044   -0.0018   -0.00052  -0.00027  -0.007    -0.0036   -0.001     0.014   
   0.0015    0.0064    0.0077   -0.003    -0.00089  -0.00042  -0.012    -0.0056   -0.0017    0.022   
   0.001     0.0036    0.0045   -0.0019   -0.0005   -0.00026  -0.0067   -0.0035   -0.00094   0.013   
   0.00034   0.0011    0.0014   -0.00058  -0.00015  -8e-05    -0.0019   -0.0011   -0.00026   0.0035  
   3.6e-05   3.6e-05   3.6e-05   0         0         0         0         0         0         0.1     

TEN_LENGTH
   0.9     

TEN_J: tendon moments
--------------------
       x  x         |
--------------------

TEN_J_ROWNNZ
  2

TEN_J_ROWADR
  0

TEN_J
     6:  0.48       9:  0.48    

TENDON 0: 0 wrap points

ACTUATOR_LENGTH
   0.00038 
   0.025   
   0.0066  
  -0.0018  
  -0.00046 
   5e-05   
   0.9     

actuator_moment
--------------------
 x                  |
  x                 |
   x                |
    x               |
     x              |
      x             |
       x  x         |
--------------------

ACTUATOR_MOMENT
     0:  1       
     1:  1       
     2:  1       
     3:  1       
     4:  1       
     5:  1       
     6:  0.48       9:  0.48    

CRB
   0         0         0         0         0         0         0         0         0         0       
   0.27      2.2       2.2      -0.26     -0.00082   0.02      2.2e-16  -2.2e-16  -1.7e-16   22      
   0.18      1.8       1.9      -0.17     -0.13     -0.018    -1.1      -0.33      0.46      18      
   0.14      1.5       1.6      -0.087    -0.079    -0.0033   -2.1      -0.63      0.28      14      
   0.083     1.3       1.4      -0.12     -0.053    -0.023    -2.7      -0.16     -0.073     5.8     
   0.064     1         1.1      -0.18     -0.077    -0.018    -1.9      -0.33     -0.14      3.5     
   0.057     0.68      0.71     -0.14     -0.093    -0.02     -1.2      -0.26     -0.17      2.3     
   0.044     0.32      0.35     -0.11     -0.044    -0.015    -0.58     -0.2      -0.082     1.1     
   0.04      0.26      0.29     -0.094    -0.036    -0.013    -0.48     -0.17     -0.068     0.9     
   0.0015    0.0078    0.0091   -0.0033   -0.001    -0.00043  -0.013    -0.0057   -0.0018    0.023   
   0.001     0.0048    0.0056   -0.0021   -0.00062  -0.00027  -0.0081   -0.0036   -0.0011    0.014   
   0.0029    0.011     0.014    -0.0054   -0.0015   -0.00076  -0.021    -0.01     -0.0029    0.038   
   0.0014    0.0047    0.0059   -0.0024   -0.00065  -0.00034  -0.0086   -0.0046   -0.0012    0.016   
   0.00034   0.00097   0.0013   -0.00055  -0.00014  -7.9e-05  -0.0018   -0.0011   -0.00026   0.0035  
   0.0015    0.0058    0.0071   -0.0028   -0.00085  -0.00042  -0.011    -0.0057   -0.0017    0.023   
   0.001     0.0036    0.0044   -0.0018   -0.00052  -0.00027  -0.007    -0.0036   -0.001     0.014   
   0.0029    0.011     0.014    -0.0054   -0.0015   -0.00076  -0.02     -0.01     -0.0029    0.038   
   0.0014    0.0047    0.0059   -0.0024   -0.00065  -0.00034  -0.0086   -0.0046   -0.0012    0.016   
   0.00034   0.0011    0.0014   -0.00058  -0.00015  -8e-05    -0.0019   -0.0011   -0.00026   0.0035  
   3.6e-05   3.6e-05   3.6e-05   0         0         0         0         0         0         0.1     

QM
   4.2     
   0.066     3.9     
   0.053     1.5       0.79    
   0.045     0.028     0.029     0.13    
  -0.041    -0.014    -0.014    -0.014     0.12    
  -1.8e-05   0.00032   0.00035   0.00037   8.3e-06   0.1     
   0.00041   6.3e-05   6.5e-05   6.4e-05  -0.00014  -3.3e-08   0.005   
   0.00022   0.00015   0.00015   0.00015  -0.00035  -7.7e-08             0.0011  
  -9.8e-05  -8.1e-06  -8.3e-06  -8.3e-06   2.4e-05   4.1e-09            -9.3e-06   0.001   
  -4.3e-05  -6.4e-05  -6.5e-05  -6.4e-05   0.00014  -3.3e-08                                 0.005   
  -0.00087  -0.00015  -0.00015  -0.00015   0.00035  -7.7e-08                                           0.0011  
  -2.7e-05   8.1e-06   8.3e-06   8.2e-06  -2.4e-05   4.1e-09                                          -9.3e-06   0.001   
                                                                                                                           0.1     
                                                                                                                           0         0.1     
                                                                                                                           0         0         0.1     
                                                                                                                           0         0         0         3.6e-05 
                                                                                                                           0         0         0         0         3.6e-05 
                                                                                                                           0         0         0         0         0         3.6e-05 

M
     0:  4.2     
     0:  0.066      1:  3.9     
     0:  0.053      1:  1.5        2:  0.79    
     0:  0.045      1:  0.028      2:  0.029      3:  0.13    
     0: -0.041      1: -0.014      2: -0.014      3: -0.014      4:  0.12    
     0: -1.8e-05    1:  0.00032    2:  0.00035    3:  0.00037    4:  8.3e-06    5:  0.1     
     0:  0.00041    1:  6.3e-05    2:  6.5e-05    3:  6.4e-05    4: -0.00014    5: -3.3e-08    6:  0.005   
     0:  0.00022    1:  0.00015    2:  0.00015    3:  0.00015    4: -0.00035    5: -7.7e-08    7:  0.0011  
     0: -9.8e-05    1: -8.1e-06    2: -8.3e-06    3: -8.3e-06    4:  2.4e-05    5:  4.1e-09    7: -9.3e-06    8:  0.001   
     0: -4.3e-05    1: -6.4e-05    2: -6.5e-05    3: -6.4e-05    4:  0.00014    5: -3.3e-08    9:  0.005   
     0: -0.00087    1: -0.00015    2: -0.00015    3: -0.00015    4:  0.00035    5: -7.7e-08   10:  0.0011  
     0: -2.7e-05    1:  8.1e-06    2:  8.3e-06    3:  8.2e-06    4: -2.4e-05    5:  4.1e-09   10: -9.3e-06   11:  0.001   
    12:  0.1     
    13:  0.1     
    14:  0.1     
    15:  3.6e-05 
    16:  3.6e-05 
    17:  3.6e-05 

QLD
     0:  4.1     
     0: -0.018      1:  1.2     
     0:  0.05       1:  1.9        2:  0.78    
     0:  0.32       1:  0.21       2:  0.21       3:  0.13    
     0: -0.33       1: -0.11       2: -0.12       3: -0.12       4:  0.12    
     0: -0.00018    1:  0.0031     2:  0.0034     3:  0.0037     4:  8.3e-05    5:  0.1     
     0:  0.082      1:  0.013      2:  0.013      3:  0.013      4: -0.028      5: -6.5e-06    6:  0.005   
     0:  0.2        1:  0.14       2:  0.14       3:  0.14       4: -0.32       5: -7e-05      7:  0.0011  
     0: -0.097      1: -0.0081     2: -0.0083     3: -0.0082     4:  0.024      5:  4.1e-06    7: -0.0092     8:  0.001   
     0: -0.0086     1: -0.013      2: -0.013      3: -0.013      4:  0.028      5: -6.5e-06    9:  0.005   
     0: -0.8        1: -0.14       2: -0.14       3: -0.14       4:  0.32       5: -7e-05     10:  0.0011  
     0: -0.027      1:  0.008      2:  0.0082     3:  0.0081     4: -0.024      5:  4.1e-06   10: -0.0092    11:  0.001   
    12:  0.1     
    13:  0.1     
    14:  0.1     
    15:  3.6e-05 
    16:  3.6e-05 
    17:  3.6e-05 

QLDIAGINV
   0.24    
   0.85    
   1.3     
   7.9     
   8.2     
   10      
   2e+02   
   9.2e+02 
   9.9e+02 
   2e+02   
   9.2e+02 
   9.9e+02 
   10      
   10      
   10      
   2.8e+04 
   2.8e+04 
   2.8e+04 

M: inertia structure
--------------------
 x                  |
 xx                 |
 xxx                |
 xxxx               |
 xxxxx              |
 xxxxxx             |
 xxxxxxx            |
 xxxxxx x           |
 xxxxxx xx          |
 xxxxxx   x         |
 xxxxxx    x        |
 xxxxxx    xx       |
             x      |
              x     |
               x    |
                x   |
                 x  |
                  x |
--------------------

iM: block-diagonal inertia (nnzs are island ids)
--------------------
 0                  |
 00                 |
 000                |
 0000               |
 00000              |
 000000             |
 0000000            |
 000000 0           |
 000000 00          |
 000000   0         |
 000000    0        |
 000000    00       |
             0      |
              0     |
               0    |
                0   |
                 0  |
                  0 |
--------------------

QH
     0:  4.9     
     0:  0.005      1:  3.4     
     0:  0.03       1:  0.92       2:  1.6     
     0:  0.13       1:  0.084      2:  0.085      3:  0.33    
     0: -0.13       1: -0.043      2: -0.044      3: -0.044      4:  0.32    
     0: -5.9e-05    1:  0.001      2:  0.0012     3:  0.0012     4:  2.8e-05    5:  0.3     
     0:  0.079      1:  0.012      2:  0.012      3:  0.012      4: -0.027      5: -6.2e-06    6:  0.0052  
     0:  0.2        1:  0.14       2:  0.14       3:  0.14       4: -0.32       5: -7e-05      7:  0.0011  
     0: -0.097      1: -0.0081     2: -0.0083     3: -0.0082     4:  0.024      5:  4.1e-06    7: -0.0092     8:  0.001   
     0: -0.0082     1: -0.012      2: -0.012      3: -0.012      4:  0.027      5: -6.2e-06    9:  0.0052  
     0: -0.8        1: -0.14       2: -0.14       3: -0.14       4:  0.32       5: -7e-05     10:  0.0011  
     0: -0.027      1:  0.008      2:  0.0082     3:  0.0081     4: -0.024      5:  4.1e-06   10: -0.0092    11:  0.001   
    12:  0.1     
    13:  0.1     
    14:  0.1     
    15:  3.6e-05 
    16:  3.6e-05 
    17:  3.6e-05 

QHDIAGINV
   0.2     
   0.3     
   0.63    
   3       
   3.1     
   3.3     
   1.9e+02 
   9.2e+02 
   9.9e+02 
   1.9e+02 
   9.2e+02 
   9.9e+02 
   10      
   10      
   10      
   2.8e+04 
   2.8e+04 
   2.8e+04 

TREE_AWAKE
  1 1

BODY_AWAKE
  -1 -1 1 1 1 1 1 1 1 1 1 1 1 1 1 1 1 1 1 1

BODY_AWAKE_IND
  0 1 2 3 4 5 6 7 8 9 10 11 12 13 14 15 16 17 18 19

PARENT_AWAKE_IND
  1 2 3 4 5 6 7 8 9 10 11 12 13 14 15 16 17 18 19

DOF_AWAKE_IND
  0 1 2 3 4 5 6 7 8 9 10 11 12 13 14 15 16 17

QDERIV
     0: -4e+02      1:  0          2:  0          3:  0          4:  0          5:  0          6:  0          7:  0          8:  0          9:  0         10:  0         11:  0       
     0:  0          1: -4e+02      2:  0          3:  0          4:  0          5:  0          6:  0          7:  0          8:  0          9:  0         10:  0         11:  0       
     0:  0          1:  0          2: -4e+02      3:  0          4:  0          5:  0          6:  0          7:  0          8:  0          9:  0         10:  0         11:  0       
     0:  0          1:  0          2:  0          3: -1e+02      4:  0          5:  0          6:  0          7:  0          8:  0          9:  0         10:  0         11:  0       
     0:  0          1:  0          2:  0          3:  0          4: -1e+02      5:  0          6:  0          7:  0          8:  0          9:  0         10:  0         11:  0       
     0:  0          1:  0          2:  0          3:  0          4:  0          5: -1e+02      6:  0          7:  0          8:  0          9:  0         10:  0         11:  0       
     0:  0          1:  0          2:  0          3:  0          4:  0          5:  0          6: -0.1     
     0:  0          1:  0          2:  0          3:  0          4:  0          5:  0          7: -0.0013     8:  0       
     0:  0          1:  0          2:  0          3:  0          4:  0          5:  0          7:  0          8:  0       
     0:  0          1:  0          2:  0          3:  0          4:  0          5:  0          9: -0.1     
     0:  0          1:  0          2:  0          3:  0          4:  0          5:  0         10: -0.0013    11:  0       
     0:  0          1:  0          2:  0          3:  0          4:  0          5:  0         10:  0         11:  0       
    12:  0         13:  0         14:  0         15:  0         16:  0         17:  0       
    12:  0         13:  0         14:  0         15:  0         16:  0         17:  0       
    12:  0         13:  0         14:  0         15:  0         16:  0         17:  0       
    12:  0         13:  0         14:  0         15:  0         16:  0         17:  0       
    12:  0         13:  0         14:  0         15:  0         16:  0         17:  0       
    12:  0         13:  0         14:  0         15:  0         16:  0         17:  0       

CONTACT
  0:
     dim           3
     geoms         floor : 26
     exclude       0
     efc_address   13
     solref         0.02      1       
     solimp         0.9       0.95      0.001     0.5       2       
     dist          -1.3e-05 
     includemargin  0       
     pos           -0.81     -0.13     -6.4e-06 
     frame          0         0         1         1         0.00038   0        -0.00038   1         0       
     friction       1         1         0.005     0.0001    0.0001  
     mu             0.32    
     force          2.4      -2.4      -0.19      0         0         0       
  1:
     dim           3
     geoms         floor : 27
     exclude       0
     efc_address   16
     solref         0.02      1       
     solimp         0.9       0.95      0.001     0.5       2       
     dist          -1.3e-05 
     includemargin  0       
     pos           -0.81     -0.11     -6.5e-06 
     frame          0         0         1        -0.00084   1         0        -1        -0.00084   0       
     friction       1         1         0.005     0.0001    0.0001  
     mu             0.32    
     force          2.6      -0.16      2.6       0         0         0       
  2:
     dim           3
     geoms         floor : 27
     exclude       0
     efc_address   19
     solref         0.02      1       
     solimp         0.9       0.95      0.001     0.5       2       
     dist          -1.2e-05 
     includemargin  0       
     pos           -0.81     -0.19     -6e-06   
     frame          0         0         1        -0.00084   1         0        -1        -0.00084   0       
     friction       1         1         0.005     0.0001    0.0001  
     mu             0.32    
     force          1.9      -0.52      1.1       0         0         0       
  3:
     dim           3
     geoms         floor : 29
     exclude       0
     efc_address   22
     solref         0.02      1       
     solimp         0.9       0.95      0.001     0.5       2       
     dist          -1.2e-05 
     includemargin  0       
     pos           -0.81     -0.19     -6e-06   
     frame          0         0         1         0         1         0        -1         0         0       
     friction       1         1         0.005     0.0001    0.0001  
     mu             0.32    
     force          1.7      -0.48      1         0         0         0       
  4:
     dim           3
     geoms         floor : 29
     exclude       0
     efc_address   25
     solref         0.02      1       
     solimp         0.9       0.95      0.001     0.5       2       
     dist          -1.1e-05 
     includemargin  0       
     pos           -0.81     -0.23     -5.7e-06 
     frame          0         0         1         0         1         0        -1         0         0       
     friction       1         1         0.005     0.0001    0.0001  
     mu             0.32    
     force          1.7      -0.35     -1.7       0         0         0       
  5:
     dim           3
     geoms         floor : object_geom
     exclude       0
     efc_address   28
     solref         0.02      1       
     solimp         0.9       0.95      0.001     0.5       2       
     dist          -0.029   
     includemargin  0       
     pos            0         0        -0.014   
     frame          0         0         1         0         1         0        -1         0         0       
     friction       1         1         0.005     0.0001    0.0001  
     mu             0.32    
     force          1.4e+02  -0        -0         0         0         0       
  6:
     dim           3
     geoms         object_geom : 6
     exclude       0
     efc_address   31
     solref         0.02      1       
     solimp         0.9       0.95      0.001     0.5       2       
     dist          -0.028   
     includemargin  0       
     pos            0         0         0.017   
     frame          0         0         1         0         1         0        -1         0         0       
     friction       1         1         0.005     0.0001    0.0001  
     mu             0.32    
     force          1.4e+02  -0        -0         0         0         0       
  7:
     dim           3
     geoms         39 : 51
     exclude       0
     efc_address   34
     solref         0.02      1       
     solimp         0.9       0.95      0.001     0.5       2       
     dist          -0.021   
     includemargin  0       
     pos           -0.81     -0.36      0.041   
     frame          0.95     -0.3       0.028     0.3       0.95      0.0091   -0.03      1.7e-18   1       
     friction       1         1         0.005     0.0001    0.0001  
     mu             0.32    
     force          1.1e+03  -0.017    -2e-07     0         0         0       
  8:
     dim           3
     geoms         39 : 55
     exclude       0
     efc_address   37
     solref         0.02      1       
     solimp         0.9       0.95      0.001     0.5       2       
     dist          -0.014   
     includemargin  0       
     pos           -0.81     -0.36      0.042   
     frame          0.21     -0.98      0.0063   -0.0013    0.0061    1        -0.98     -0.21      0       
     friction       1         1         0.005     0.0001    0.0001  
     mu             0.32    
     force          3.6e+02  -7e-05     0.0024    0         0         0       
  9:
     dim           3
     geoms         42 : 51
     exclude       0
     efc_address   40
     solref         0.02      1       
     solimp         0.9       0.95      0.001     0.5       2       
     dist          -0.014   
     includemargin  0       
     pos           -0.82     -0.36      0.042   
     frame          0.2       0.98      0.006    -0.0012   -0.0059    1         0.98     -0.2      -2.2e-19 
     friction       1         1         0.005     0.0001    0.0001  
     mu             0.32    
     force          3.6e+02   3.2e-05   0.0011    0         0         0       
  10:
     dim           3
     geoms         42 : 54
     exclude       0
     efc_address   43
     solref         0.02      1       
     solimp         0.9       0.95      0.001     0.5       2       
     dist          -0.0098  
     includemargin  0       
     pos           -0.82     -0.37      0.04    
     frame         -0.14     -0.99     -0.0041   -0.00057  -0.0041    1        -0.99      0.14      1.1e-19 
     friction       1         1         0.005     0.0001    0.0001  
     mu             0.32    
     force          1.7e+02   7.9e-06  -0.00027   0         0         0       
  11:
     dim           3
     geoms         42 : 55
     exclude       0
     efc_address   46
     solref         0.02      1       
     solimp         0.9       0.95      0.001     0.5       2       
     dist          -0.023   
     includemargin  0       
     pos           -0.81     -0.36      0.044   
     frame          0.82     -0.57      0.025    -0.02      0.014     1        -0.57     -0.82      1.7e-18 
     friction       1         1         0.005     0.0001    0.0001  
     mu             0.32    
     force          3.9e+02  -8.3e-05   0.0049    0         0         0       
  12:
     dim           3
     geoms         42 : 55
     exclude       0
     efc_address   49
     solref         0.02      1       
     solimp         0.9       0.95      0.001     0.5       2       
     dist          -0.023   
     includemargin  0       
     pos           -0.81     -0.36      0.036   
     frame          0.82     -0.57      0.025    -0.02      0.014     1        -0.57     -0.82      1.7e-18 
     friction       1         1         0.005     0.0001    0.0001  
     mu             0.32    
     force          3.9e+02  -8.3e-05   0.0049    0         0         0       
  13:
     dim           3
     geoms         43 : 54
     exclude       0
     efc_address   52
     solref         0.02      1       
     solimp         0.9       0.95      0.001     0.5       2       
     dist          -0.011   
     includemargin  0       
     pos           -0.81     -0.37      0.033   
     frame         -0.99     -0.15     -0.03     -0.15      0.99     -0.0044    0.03      0        -1       
     friction       1         1         0.005     0.0001    0.0001  
     mu             0.32    
     force          1.9e+02  -0.0055    6.4e-08   0         0         0       
  14:
     dim           3
     geoms         43 : 54
     exclude       0
     efc_address   55
     solref         0.02      1       
     solimp         0.9       0.95      0.001     0.5       2       
     dist          -0.011   
     includemargin  0       
     pos           -0.81     -0.37      0.047   
     frame         -0.99     -0.15     -0.03     -0.15      0.99     -0.0044    0.03      0        -1       
     friction       1         1         0.005     0.0001    0.0001  
     mu             0.32    
     force          1.9e+02  -0.0055    6.4e-08   0         0         0       
  15:
     dim           3
     geoms         43 : 55
     exclude       0
     efc_address   58
     solref         0.02      1       
     solimp         0.9       0.95      0.001     0.5       2       
     dist          -0.01    
     includemargin  0       
     pos           -0.81     -0.37      0.04    
     frame         -0.15      0.99     -0.0044   -0.00064   0.0043    1         0.99      0.15      1.1e-19 
     friction       1         1         0.005     0.0001    0.0001  
     mu             0.32    
     force          1.7e+02  -4e-05    -0.0013    0         0         0       
  16:
     dim           3
     geoms         right_pad1 : 42
     exclude       0
     efc_address   61
     solref         0.004     1       
     solimp         0.95      0.99      0.001     0.5       2       
     dist          -0.0025  
     includemargin  0       
     pos           -0.82     -0.37      0.036   
     frame          0.75      0.67      0.022    -0.017    -0.015     1         0.67     -0.75     -1.7e-18 
     friction       0.7       0.7       0.005     0.0001    0.0001  
     mu             0.22    
     force          4.3e+03  -0.00037  -0.018     0         0         0       
  17:
     dim           3
     geoms         right_pad1 : 42
     exclude       0
     efc_address   64
     solref         0.004     1       
     solimp         0.95      0.99      0.001     0.5       2       
     dist          -0.0025  
     includemargin  0       
     pos           -0.82     -0.37      0.044   
     frame          0.75      0.67      0.022    -0.017    -0.015     1         0.67     -0.75     -1.7e-18 
     friction       0.7       0.7       0.005     0.0001    0.0001  
     mu             0.22    
     force          4.3e+03  -0.00037  -0.018     0         0         0       
  18:
     dim           3
     geoms         left_pad1 : 55
     exclude       0
     efc_address   67
     solref         0.004     1       
     solimp         0.95      0.99      0.001     0.5       2       
     dist          -0.0027  
     includemargin  0       
     pos           -0.8      -0.37      0.044   
     frame         -0.75      0.66     -0.023    -0.017     0.015     1         0.66      0.75      0       
     friction       0.7       0.7       0.005     0.0001    0.0001  
     mu             0.22    
     force          4.5e+03  -0.00058  -0.03      0         0         0       
  19:
     dim           3
     geoms         left_pad1 : 55
     exclude       0
     efc_address   70
     solref         0.004     1       
     solimp         0.95      0.99      0.001     0.5       2       
     dist          -0.0027  
     includemargin  0       
     pos           -0.8      -0.37      0.036   
     frame         -0.75      0.66     -0.023    -0.017     0.015     1         0.66      0.75      0       
     friction       0.7       0.7       0.005     0.0001    0.0001  
     mu             0.22    
     force          4.5e+03  -0.00058  -0.03      0         0         0       

EFC_TYPE
  0
  0
  0
  0
  0
  0
  0
  3
  3
  3
  3
  3
  3
  7
  7
  7
  7
  7
  7
  7
  7
  7
  7
  7
  7
  7
  7
  7
  7
  7
  7
  7
  7
  7
  7
  7
  7
  7
  7
  7
  7
  7
  7
  7
  7
  7
  7
  7
  7
  7
  7
  7
  7
  7
  7
  7
  7
  7
  7
  7
  7
  7
  7
  7
  7
  7
  7
  7
  7
  7
  7
  7
  7

EFC_ID
  0
  0
  0
  1
  1
  1
  2
  6
  7
  8
  9
  10
  11
  0
  0
  0
  1
  1
  1
  2
  2
  2
  3
  3
  3
  4
  4
  4
  5
  5
  5
  6
  6
  6
  7
  7
  7
  8
  8
  8
  9
  9
  9
  10
  10
  10
  11
  11
  11
  12
  12
  12
  13
  13
  13
  14
  14
  14
  15
  15
  15
  16
  16
  16
  17
  17
  17
  18
  18
  18
  19
  19
  19

EFC_J
   0.00095   0.00016   0.00016   0.00016  -0.00095   0.00016   0         0         0         0.056    -0.05     -0.004     0         0         0         0         0         0       
  -0.0054    6.1e-08   6.1e-08   6.1e-08   0.0054    6.1e-08   0         0         0        -0.011    -0.0012    0.019     0         0         0         0         0         0       
   0        -0.0054   -0.0054   -0.0054   -2.8e-05  -0.0054    0         0         0         0.0017   -0.0015   -0.00012   0         0         0         0         0         0       
   0.00096  -0.00017  -0.00017  -0.00017  -0.00096  -0.00017  -0.056     0.05      0.0038    0         0         0         0         0         0         0         0         0       
   0.0057   -6.5e-08  -6.5e-08  -6.5e-08  -0.0057   -6.5e-08  -0.011    -0.00075   0.019     0         0         0         0         0         0         0         0         0       
   0         0.0057    0.0057    0.0057   -2.9e-05   0.0057   -0.0017    0.0015    0.00011   0         0         0         0         0         0         0         0         0       
   0         0         0         0         0         0        -1         0         0         1         0         0         0         0         0         0         0         0       
   0         0         0         0         0         0        -1         0         0         0         0         0         0         0         0         0         0         0       
   0         0         0         0         0         0         0        -1         0         0         0         0         0         0         0         0         0         0       
   0         0         0         0         0         0         0         0        -1         0         0         0         0         0         0         0         0         0       
   0         0         0         0         0         0         0         0         0        -1         0         0         0         0         0         0         0         0       
   0         0         0         0         0         0         0         0         0         0        -1         0         0         0         0         0         0         0       
   0         0         0         0         0         0         0         0         0         0         0        -1         0         0         0         0         0         0       
   0        -0.81     -0.39      0.003    -4.3e-19   0         0         0         0         0         0         0         0         0         0         0         0         0       
   0.13      0.16      0.15      0.14     -2e-17     0         0         0         0         0         0         0         0         0         0         0         0         0       
  -0.81      1.6e-19   1.6e-19   1.7e-19   0.0012    0         0         0         0         0         0         0         0         0         0         0         0         0       
   0        -0.81     -0.39      0.003     0.0006    0         0         0         0         0         0         0         0         0         0         0         0         0       
  -0.81     -7.4e-05  -6.9e-05  -6.4e-05   0.0012    0         0         0         0         0         0         0         0         0         0         0         0         0       
  -0.11     -0.16     -0.15     -0.14     -0.02      0         0         0         0         0         0         0         0         0         0         0         0         0       
   0        -0.81     -0.39      0.003    -0.0018    0         0         0         0         0         0         0         0         0         0         0         0         0       
  -0.81     -7.4e-05  -6.9e-05  -6.4e-05   0.0012    0         0         0         0         0         0         0         0         0         0         0         0         0       
  -0.19     -0.16     -0.15     -0.14      0.06      0         0         0         0         0         0         0         0         0         0         0         0         0       
   0        -0.81     -0.39      0.003    -0.0018    0         0         0         0         0         0         0         0         0         0         0         0         0       
  -0.81      6.2e-05   5.8e-05   5.3e-05   0.0011    3.3e-05   0         0         0         0         0         0         0         0         0         0         0         0       
  -0.19     -0.16     -0.15     -0.14      0.06     -0.04      0         0         0         0         0         0         0         0         0         0         0         0       
   0        -0.81     -0.39      0.003    -0.003     0         0         0         0         0         0         0         0         0         0         0         0         0       
  -0.81      6.2e-05   5.8e-05   5.3e-05   0.0011    3.3e-05   0         0         0         0         0         0         0         0         0         0         0         0       
  -0.23     -0.16     -0.15     -0.14      0.1      -0.04      0         0         0         0         0         0         0         0         0         0         0         0       
   0         0         0         0         0         0         0         0         0         0         0         0         0         0         1         0         0         0       
   0         0         0         0         0         0         0         0         0         0         0         0         0         1         0         0.016     0         0       
   0         0         0         0         0         0         0         0         0         0         0         0        -1         0         0         0         0.016     0       
   0         0         0         0         0         0         0         0         0         0         0         0         0         0        -1         0         0         0       
   0         0         0         0         0         0         0         0         0         0         0         0         0        -1         0         0.016     0         0       
   0         0         0         0         0         0         0         0         0         0         0         0         1         0         0         0         0.016     0       
   0         0         0         0         0         0         0        -0.046     0         0        -0.054     0         0         0         0         0         0         0       
   0         0         0         0         0         0         0        -0.029     0         0        -0.0047    0         0         0         0         0         0         0       
   0         0         0         0         0         0         0        -3.5e-07   0         0        -5.6e-08   0         0         0         0         0         0         0       
   0         0         0         0         0         0         0         0.0063    0         0        -0.019    -0.0098    0         0         0         0         0         0       
   0         0         0         0         0         0         0        -0.0016    0         0        -0.0015    2.8e-05   0         0         0         0         0         0       
   0         0         0         0         0         0         0         0.056     0         0         0.051    -0.00097   0         0         0         0         0         0       
   0         0         0         0         0         0         0        -0.019    -0.0098    0         0.0063    0         0         0         0         0         0         0       
   0         0         0         0         0         0         0        -0.0015    3.1e-05   0        -0.0016    0         0         0         0         0         0         0       
   0         0         0         0         0         0         0        -0.051     0.0011    0        -0.056     0         0         0         0         0         0         0       
   0         0         0         0         0         0         0         0.019     0.0058    0        -0.0057   -0.004     0         0         0         0         0         0       
   0         0         0         0         0         0         0        -0.0019    0.00038   0        -0.002     0.00034   0         0         0         0         0         0       
   0         0         0         0         0         0         0         0.064    -0.013     0         0.068    -0.011     0         0         0         0         0         0       
   0         0         0         0         0         0         0        -0.04      0.0059    0        -0.055     0.00017   0         0         0         0         0         0       
   0         0         0         0         0         0         0        -0.00073  -4.5e-05   0        -0.00037   9.3e-05   0         0         0         0         0         0       
   0         0         0         0         0         0         0         0.043     0.0026    0         0.022    -0.0055    0         0         0         0         0         0       
   0         0         0         0         0         0         0        -0.04      0.0059    0        -0.055     0.00017   0         0         0         0         0         0       
   0         0         0         0         0         0         0        -0.00073  -4.5e-05   0        -0.00037   9.3e-05   0         0         0         0         0         0       
   0         0         0         0         0         0         0         0.043     0.0026    0         0.022    -0.0055    0         0         0         0         0         0       
   0         0         0         0         0         0         0         0.065    -0.0082    0         0.061    -0.0096    0         0         0         0         0         0       
   0         0         0         0         0         0         0        -0.0037   -0.0061    0         0.021     0.0038    0         0         0         0         0         0       
   0         0         0         0         0         0         0         4.2e-08   7e-08     0        -2.5e-07  -4.3e-08   0         0         0         0         0         0       
   0         0         0         0         0         0         0         0.065    -0.0082    0         0.061    -0.0096    0         0         0         0         0         0       
   0         0         0         0         0         0         0        -0.0037   -0.0061    0         0.021     0.0038    0         0         0         0         0         0       
   0         0         0         0         0         0         0         4.2e-08   7e-08     0        -2.5e-07  -4.3e-08   0         0         0         0         0         0       
   0         0         0         0         0         0         0        -0.0057   -0.004     0         0.019     0.0058    0         0         0         0         0         0       
   0         0         0         0         0         0         0        -0.002     0.00034   0        -0.0019    0.00038   0         0         0         0         0         0       
   0         0         0         0         0         0         0        -0.068     0.012     0        -0.064     0.013     0         0         0         0         0         0       
   0         0         0         0         0         0         0         0.048     0.0048    0         0.031    -0.0017    0         0         0         0         0         0       
   0         0         0         0         0         0         0         0.00072  -0.00027   0         0.0011   -0.00012   0         0         0         0         0         0       
   0         0         0         0         0         0         0         0.036    -0.014     0         0.055    -0.0061    0         0         0         0         0         0       
   0         0         0         0         0         0         0         0.048     0.0048    0         0.031    -0.0017    0         0         0         0         0         0       
   0         0         0         0         0         0         0         0.00072  -0.00027   0         0.0011   -0.00012   0         0         0         0         0         0       
   0         0         0         0         0         0         0         0.036    -0.014     0         0.055    -0.0061    0         0         0         0         0         0       
   0         0         0         0         0         0         0         0.031    -0.0017    0         0.048     0.0049    0         0         0         0         0         0       
   0         0         0         0         0         0         0        -0.0011    0.00012   0        -0.00071   0.00026   0         0         0         0         0         0       
   0         0         0         0         0         0         0        -0.055     0.006     0        -0.036     0.013     0         0         0         0         0         0       
   0         0         0         0         0         0         0         0.031    -0.0017    0         0.048     0.0049    0         0         0         0         0         0       
   0         0         0         0         0         0         0        -0.0011    0.00012   0        -0.00071   0.00026   0         0         0         0         0         0       
   0         0         0         0         0         0         0        -0.055     0.006     0        -0.036     0.013     0         0         0         0         0         0       

IEFC_J
   0.00095   0.00016   0.00016   0.00016  -0.00095   0.00016   0         0         0         0.056    -0.05     -0.004     0         0         0         0         0         0       
  -0.0054    6.1e-08   6.1e-08   6.1e-08   0.0054    6.1e-08   0         0         0        -0.011    -0.0012    0.019     0         0         0         0         0         0       
   0        -0.0054   -0.0054   -0.0054   -2.8e-05  -0.0054    0         0         0         0.0017   -0.0015   -0.00012   0         0         0         0         0         0       
   0.00096  -0.00017  -0.00017  -0.00017  -0.00096  -0.00017  -0.056     0.05      0.0038    0         0         0         0         0         0         0         0         0       
   0.0057   -6.5e-08  -6.5e-08  -6.5e-08  -0.0057   -6.5e-08  -0.011    -0.00075   0.019     0         0         0         0         0         0         0         0         0       
   0         0.0057    0.0057    0.0057   -2.9e-05   0.0057   -0.0017    0.0015    0.00011   0         0         0         0         0         0         0         0         0       
   0         0         0         0         0         0        -1         0         0         1         0         0         0         0         0         0         0         0       
   0         0         0         0         0         0        -1         0         0         0         0         0         0         0         0         0         0         0       
   0         0         0         0         0         0         0        -1         0         0         0         0         0         0         0         0         0         0       
   0         0         0         0         0         0         0         0        -1         0         0         0         0         0         0         0         0         0       
   0         0         0         0         0         0         0         0         0        -1         0         0         0         0         0         0         0         0       
   0         0         0         0         0         0         0         0         0         0        -1         0         0         0         0         0         0         0       
   0         0         0         0         0         0         0         0         0         0         0        -1         0         0         0         0         0         0       
   0        -0.81     -0.39      0.003    -4.3e-19   0         0         0         0         0         0         0         0         0         0         0         0         0       
   0.13      0.16      0.15      0.14     -2e-17     0         0         0         0         0         0         0         0         0         0         0         0         0       
  -0.81      1.6e-19   1.6e-19   1.7e-19   0.0012    0         0         0         0         0         0         0         0         0         0         0         0         0       
   0        -0.81     -0.39      0.003     0.0006    0         0         0         0         0         0         0         0         0         0         0         0         0       
  -0.81     -7.4e-05  -6.9e-05  -6.4e-05   0.0012    0         0         0         0         0         0         0         0         0         0         0         0         0       
  -0.11     -0.16     -0.15     -0.14     -0.02      0         0         0         0         0         0         0         0         0         0         0         0         0       
   0        -0.81     -0.39      0.003    -0.0018    0         0         0         0         0         0         0         0         0         0         0         0         0       
  -0.81     -7.4e-05  -6.9e-05  -6.4e-05   0.0012    0         0         0         0         0         0         0         0         0         0         0         0         0       
  -0.19     -0.16     -0.15     -0.14      0.06      0         0         0         0         0         0         0         0         0         0         0         0         0       
   0        -0.81     -0.39      0.003    -0.0018    0         0         0         0         0         0         0         0         0         0         0         0         0       
  -0.81      6.2e-05   5.8e-05   5.3e-05   0.0011    3.3e-05   0         0         0         0         0         0         0         0         0         0         0         0       
  -0.19     -0.16     -0.15     -0.14      0.06     -0.04      0         0         0         0         0         0         0         0         0         0         0         0       
   0        -0.81     -0.39      0.003    -0.003     0         0         0         0         0         0         0         0         0         0         0         0         0       
  -0.81      6.2e-05   5.8e-05   5.3e-05   0.0011    3.3e-05   0         0         0         0         0         0         0         0         0         0         0         0       
  -0.23     -0.16     -0.15     -0.14      0.1      -0.04      0         0         0         0         0         0         0         0         0         0         0         0       
   0         0         0         0         0         0         0         0         0         0         0         0         0         0         1         0         0         0       
   0         0         0         0         0         0         0         0         0         0         0         0         0         1         0         0.016     0         0       
   0         0         0         0         0         0         0         0         0         0         0         0        -1         0         0         0         0.016     0       
   0         0         0         0         0         0         0         0         0         0         0         0         0         0        -1         0         0         0       
   0         0         0         0         0         0         0         0         0         0         0         0         0        -1         0         0.016     0         0       
   0         0         0         0         0         0         0         0         0         0         0         0         1         0         0         0         0.016     0       
   0         0         0         0         0         0         0        -0.046     0         0        -0.054     0         0         0         0         0         0         0       
   0         0         0         0         0         0         0        -0.029     0         0        -0.0047    0         0         0         0         0         0         0       
   0         0         0         0         0         0         0        -3.5e-07   0         0        -5.6e-08   0         0         0         0         0         0         0       
   0         0         0         0         0         0         0         0.0063    0         0        -0.019    -0.0098    0         0         0         0         0         0       
   0         0         0         0         0         0         0        -0.0016    0         0        -0.0015    2.8e-05   0         0         0         0         0         0       
   0         0         0         0         0         0         0         0.056     0         0         0.051    -0.00097   0         0         0         0         0         0       
   0         0         0         0         0         0         0        -0.019    -0.0098    0         0.0063    0         0         0         0         0         0         0       
   0         0         0         0         0         0         0        -0.0015    3.1e-05   0        -0.0016    0         0         0         0         0         0         0       
   0         0         0         0         0         0         0        -0.051     0.0011    0        -0.056     0         0         0         0         0         0         0       
   0         0         0         0         0         0         0         0.019     0.0058    0        -0.0057   -0.004     0         0         0         0         0         0       
   0         0         0         0         0         0         0        -0.0019    0.00038   0        -0.002     0.00034   0         0         0         0         0         0       
   0         0         0         0         0         0         0         0.064    -0.013     0         0.068    -0.011     0         0         0         0         0         0       
   0         0         0         0         0         0         0        -0.04      0.0059    0        -0.055     0.00017   0         0         0         0         0         0       
   0         0         0         0         0         0         0        -0.00073  -4.5e-05   0        -0.00037   9.3e-05   0         0         0         0         0         0       
   0         0         0         0         0         0         0         0.043     0.0026    0         0.022    -0.0055    0         0         0         0         0         0       
   0         0         0         0         0         0         0        -0.04      0.0059    0        -0.055     0.00017   0         0         0         0         0         0       
   0         0         0         0         0         0         0        -0.00073  -4.5e-05   0        -0.00037   9.3e-05   0         0         0         0         0         0       
   0         0         0         0         0         0         0         0.043     0.0026    0         0.022    -0.0055    0         0         0         0         0         0       
   0         0         0         0         0         0         0         0.065    -0.0082    0         0.061    -0.0096    0         0         0         0         0         0       
   0         0         0         0         0         0         0        -0.0037   -0.0061    0         0.021     0.0038    0         0         0         0         0         0       
   0         0         0         0         0         0         0         4.2e-08   7e-08     0        -2.5e-07  -4.3e-08   0         0         0         0         0         0       
   0         0         0         0         0         0         0         0.065    -0.0082    0         0.061    -0.0096    0         0         0         0         0         0       
   0         0         0         0         0         0         0        -0.0037   -0.0061    0         0.021     0.0038    0         0         0         0         0         0       
   0         0         0         0         0         0         0         4.2e-08   7e-08     0        -2.5e-07  -4.3e-08   0         0         0         0         0         0       
   0         0         0         0         0         0         0        -0.0057   -0.004     0         0.019     0.0058    0         0         0         0         0         0       
   0         0         0         0         0         0         0        -0.002     0.00034   0        -0.0019    0.00038   0         0         0         0         0         0       
   0         0         0         0         0         0         0        -0.068     0.012     0        -0.064     0.013     0         0         0         0         0         0       
   0         0         0         0         0         0         0         0.048     0.0048    0         0.031    -0.0017    0         0         0         0         0         0       
   0         0         0         0         0         0         0         0.00072  -0.00027   0         0.0011   -0.00012   0         0         0         0         0         0       
   0         0         0         0         0         0         0         0.036    -0.014     0         0.055    -0.0061    0         0         0         0         0         0       
   0         0         0         0         0         0         0         0.048     0.0048    0         0.031    -0.0017    0         0         0         0         0         0       
   0         0         0         0         0         0         0         0.00072  -0.00027   0         0.0011   -0.00012   0         0         0         0         0         0       
   0         0         0         0         0         0         0         0.036    -0.014     0         0.055    -0.0061    0         0         0         0         0         0       
   0         0         0         0         0         0         0         0.031    -0.0017    0         0.048     0.0049    0         0         0         0         0         0       
   0         0         0         0         0         0         0        -0.0011    0.00012   0        -0.00071   0.00026   0         0         0         0         0         0       
   0         0         0         0         0         0         0        -0.055     0.006     0        -0.036     0.013     0         0         0         0         0         0       
   0         0         0         0         0         0         0         0.031    -0.0017    0         0.048     0.0049    0         0         0         0         0         0       
   0         0         0         0         0         0         0        -0.0011    0.00012   0        -0.00071   0.00026   0         0         0         0         0         0       
   0         0         0         0         0         0         0        -0.055     0.006     0        -0.036     0.013     0         0         0         0         0         0       

EFC_POS
  -0.0054  
  -0.00095 
  -0.00016 
   0.0057  
  -0.00096 
   0.00017 
  -0.0006  
  -0.033   
  -0.15    
  -0.0037  
  -0.032   
  -0.14    
  -0.0037  
  -1.3e-05 
   0       
   0       
  -1.3e-05 
   0       
   0       
  -1.2e-05 
   0       
   0       
  -1.2e-05 
   0       
   0       
  -1.1e-05 
   0       
   0       
  -0.029   
   0       
   0       
  -0.028   
   0       
   0       
  -0.021   
   0       
   0       
  -0.014   
   0       
   0       
  -0.014   
   0       
   0       
  -0.0098  
   0       
   0       
  -0.023   
   0       
   0       
  -0.023   
   0       
   0       
  -0.011   
   0       
   0       
  -0.011   
   0       
   0       
  -0.01    
   0       
   0       
  -0.0025  
   0       
   0       
  -0.0025  
   0       
   0       
  -0.0027  
   0       
   0       
  -0.0027  
   0       
   0       

EFC_MARGIN
   0       
   0       
   0       
   0       
   0       
   0       
   0       
   0       
   0       
   0       
   0       
   0       
   0       
   0       
   0       
   0       
   0       
   0       
   0       
   0       
   0       
   0       
   0       
   0       
   0       
   0       
   0       
   0       
   0       
   0       
   0       
   0       
   0       
   0       
   0       
   0       
   0       
   0       
   0       
   0       
   0       
   0       
   0       
   0       
   0       
   0       
   0       
   0       
   0       
   0       
   0       
   0       
   0       
   0       
   0       
   0       
   0       
   0       
   0       
   0       
   0       
   0       
   0       
   0       
   0       
   0       
   0       
   0       
   0       
   0       
   0       
   0       
   0       

EFC_FRICTIONLOSS
   0       
   0       
   0       
   0       
   0       
   0       
   0       
   0       
   0       
   0       
   0       
   0       
   0       
   0       
   0       
   0       
   0       
   0       
   0       
   0       
   0       
   0       
   0       
   0       
   0       
   0       
   0       
   0       
   0       
   0       
   0       
   0       
   0       
   0       
   0       
   0       
   0       
   0       
   0       
   0       
   0       
   0       
   0       
   0       
   0       
   0       
   0       
   0       
   0       
   0       
   0       
   0       
   0       
   0       
   0       
   0       
   0       
   0       
   0       
   0       
   0       
   0       
   0       
   0       
   0       
   0       
   0       
   0       
   0       
   0       
   0       
   0       
   0       

EFC_DIAGAPPROX
   1.8     
   1.8     
   1.8     
   1.9     
   1.9     
   1.9     
   4e+02   
   2e+02   
   9.1e+02 
   9.9e+02 
   2e+02   
   9.1e+02 
   9.9e+02 
   0.15    
   0.015   
   0.015   
   0.15    
   0.015   
   0.015   
   0.15    
   0.015   
   0.015   
   0.16    
   0.016   
   0.016   
   0.16    
   0.016   
   0.016   
   10      
   1       
   1       
   10      
   1       
   1       
   0.95    
   0.095   
   0.095   
   1.9     
   0.19    
   0.19    
   2       
   0.2     
   0.2     
   3       
   0.3     
   0.3     
   3       
   0.3     
   0.3     
   3       
   0.3     
   0.3     
   3       
   0.3     
   0.3     
   3       
   0.3     
   0.3     
   3       
   0.3     
   0.3     
   3.7     
   0.37    
   0.37    
   3.7     
   0.37    
   0.37    
   3.7     
   0.37    
   0.37    
   3.7     
   0.37    
   0.37    

EFC_KBIP
   4.1e+04   4e+02     0.99      0       
   4.1e+04   4e+02     0.99      0       
   4.1e+04   4e+02     0.99      0       
   4.1e+04   4e+02     0.99      0       
   4.1e+04   4e+02     0.99      0       
   4.1e+04   4e+02     0.99      0       
   4.1e+04   4e+02     0.98     -64      
   4.1e+04   4e+02     0.99      0       
   2.8e+03   1.1e+02   0.95      0       
   4.1e+04   4e+02     0.99      0       
   4.1e+04   4e+02     0.99      0       
   2.8e+03   1.1e+02   0.95      0       
   4.1e+04   4e+02     0.99      0       
   2.8e+03   1.1e+02   0.9      -2.5     
   0         1.1e+02   0.9      -2.5     
   0         1.1e+02   0.9      -2.5     
   2.8e+03   1.1e+02   0.9      -2.6     
   0         1.1e+02   0.9      -2.6     
   0         1.1e+02   0.9      -2.6     
   2.8e+03   1.1e+02   0.9      -2.4     
   0         1.1e+02   0.9      -2.4     
   0         1.1e+02   0.9      -2.4     
   2.8e+03   1.1e+02   0.9      -2.4     
   0         1.1e+02   0.9      -2.4     
   0         1.1e+02   0.9      -2.4     
   2.8e+03   1.1e+02   0.9      -2.3     
   0         1.1e+02   0.9      -2.3     
   0         1.1e+02   0.9      -2.3     
   2.8e+03   1.1e+02   0.95      0       
   0         1.1e+02   0.95      0       
   0         1.1e+02   0.95      0       
   2.8e+03   1.1e+02   0.95      0       
   0         1.1e+02   0.95      0       
   0         1.1e+02   0.95      0       
   2.8e+03   1.1e+02   0.95      0       
   0         1.1e+02   0.95      0       
   0         1.1e+02   0.95      0       
   2.8e+03   1.1e+02   0.95      0       
   0         1.1e+02   0.95      0       
   0         1.1e+02   0.95      0       
   2.8e+03   1.1e+02   0.95      0       
   0         1.1e+02   0.95      0       
   0         1.1e+02   0.95      0       
   2.8e+03   1.1e+02   0.95      0       
   0         1.1e+02   0.95      0       
   0         1.1e+02   0.95      0       
   2.8e+03   1.1e+02   0.95      0       
   0         1.1e+02   0.95      0       
   0         1.1e+02   0.95      0       
   2.8e+03   1.1e+02   0.95      0       
   0         1.1e+02   0.95      0       
   0         1.1e+02   0.95      0       
   2.8e+03   1.1e+02   0.95      0       
   0         1.1e+02   0.95      0       
   0         1.1e+02   0.95      0       
   2.8e+03   1.1e+02   0.95      0       
   0         1.1e+02   0.95      0       
   0         1.1e+02   0.95      0       
   2.8e+03   1.1e+02   0.95      0       
   0         1.1e+02   0.95      0       
   0         1.1e+02   0.95      0       
   6.4e+04   5.1e+02   0.99      0       
   0         5.1e+02   0.99      0       
   0         5.1e+02   0.99      0       
   6.4e+04   5.1e+02   0.99      0       
   0         5.1e+02   0.99      0       
   0         5.1e+02   0.99      0       
   6.4e+04   5.1e+02   0.99      0       
   0         5.1e+02   0.99      0       
   0         5.1e+02   0.99      0       
   6.4e+04   5.1e+02   0.99      0       
   0         5.1e+02   0.99      0       
   0         5.1e+02   0.99      0       

EFC_D
   55      
   55      
   55      
   53      
   53      
   53      
   0.11    
   0.5     
   0.021   
   0.1     
   0.5     
   0.021   
   0.1     
   59      
   5.9e+02 
   5.9e+02 
   59      
   5.9e+02 
   5.9e+02 
   59      
   5.9e+02 
   5.9e+02 
   55      
   5.5e+02 
   5.5e+02 
   55      
   5.5e+02 
   5.5e+02 
   1.9     
   19      
   19      
   1.9     
   19      
   19      
   20      
   2e+02   
   2e+02   
   9.8     
   98      
   98      
   9.7     
   97      
   97      
   6.4     
   64      
   64      
   6.4     
   64      
   64      
   6.4     
   64      
   64      
   6.4     
   64      
   64      
   6.4     
   64      
   64      
   6.4     
   64      
   64      
   27      
   2.7e+02 
   2.7e+02 
   27      
   2.7e+02 
   2.7e+02 
   27      
   2.7e+02 
   2.7e+02 
   27      
   2.7e+02 
   2.7e+02 

EFC_R
   0.018   
   0.018   
   0.018   
   0.019   
   0.019   
   0.019   
   9.3     
   2       
   48      
   10      
   2       
   48      
   10      
   0.017   
   0.0017  
   0.0017  
   0.017   
   0.0017  
   0.0017  
   0.017   
   0.0017  
   0.0017  
   0.018   
   0.0018  
   0.0018  
   0.018   
   0.0018  
   0.0018  
   0.53    
   0.053   
   0.053   
   0.53    
   0.053   
   0.053   
   0.05    
   0.005   
   0.005   
   0.1     
   0.01    
   0.01    
   0.1     
   0.01    
   0.01    
   0.16    
   0.016   
   0.016   
   0.16    
   0.016   
   0.016   
   0.16    
   0.016   
   0.016   
   0.16    
   0.016   
   0.016   
   0.16    
   0.016   
   0.016   
   0.16    
   0.016   
   0.016   
   0.038   
   0.0038  
   0.0038  
   0.038   
   0.0038  
   0.0038  
   0.037   
   0.0037  
   0.0037  
   0.037   
   0.0037  
   0.0037  

TEN_VELOCITY
  -6e-08   

ACTUATOR_VELOCITY
  -7.4e-06 
   0.00029 
  -0.00056 
   0.0011  
   0.0016  
   1.1e-05 
  -6e-08   

CVEL
   0         0         0         0         0         0       
   0         0         0         0         0         0       
   0         0        -7.4e-06  -6e-07     2e-06     0       
   1.1e-07  -0.00029  -7.4e-06   1.3e-05   2e-06    -7.9e-05 
  -1.1e-07   0.00028  -7.4e-06  -7.9e-06   2e-06    -0.00016 
   3e-07    -0.0008   -7.4e-06   1.9e-05   2e-06     0.00042 
   4.8e-05  -0.0008   -0.0016    0.0001   -0.00087   0.00042 
   4.8e-05  -0.00081  -0.0016    0.0001   -0.00087   0.00043 
   4.8e-05  -0.00081  -0.0016    0.0001   -0.00087   0.00043 
   4.8e-05  -0.00081  -0.0016    0.0001   -0.00087   0.00043 
   4.8e-05  -0.00081  -0.0016    0.0001   -0.00087   0.00043 
   4.9e-05  -0.00081  -0.0016    0.0001   -0.00087   0.00043 
   4.8e-05  -0.00081  -0.0016    0.0001   -0.00087   0.00043 
   4.8e-05  -0.00081  -0.0016    0.0001   -0.00087   0.00043 
   4.8e-05  -0.00081  -0.0016    0.0001   -0.00087   0.00043 
   4.8e-05  -0.00081  -0.0016    0.0001   -0.00087   0.00043 
   4.9e-05  -0.00081  -0.0016    0.0001   -0.00087   0.00043 
   4.8e-05  -0.00081  -0.0016    0.0001   -0.00087   0.00043 
   4.8e-05  -0.00081  -0.0016    0.0001   -0.00087   0.00043 
   0         0         0         0         0         6.3e-16 

CDOF_DOT
   0         0         0         0         0         0       
  -7.4e-06  -2.8e-09  -0         1.3e-10  -3.5e-07   6e-07   
  -7.4e-06  -2.8e-09   1.3e-23  -0.00012  -3.2e-07  -2.5e-06 
  -7.4e-06  -2.8e-09   0        -1.3e-05  -1.9e-07   9.9e-07 
   0.0008    8.3e-08   2.4e-05  -7.3e-06   3.1e-05   4.2e-05 
  -0.0016   -1.4e-06  -4.8e-05  -8.4e-06   9.6e-05  -0.00016 
  -0.00081  -1.1e-08  -2.4e-05   6.1e-05   0.00024  -0.00017 
  -0.00081  -1.1e-08  -2.4e-05   3.2e-05   0.00025  -0.00018 
   0.00081   1.1e-08   2.4e-05  -4.1e-06  -0.00034   0.00023 
   0.00081   1.1e-08   2.4e-05   3.8e-05  -0.00024   0.00018 
   0.00081   1.1e-08   2.4e-05   9.3e-06  -0.00025   0.00018 
  -0.00081  -1.1e-08  -2.4e-05   2e-05     0.00034  -0.00023 
   0         0         0         0         0         0       
   0         0         0         0         0         0       
   0         0         0         0         0         0       
   0         0         0         0         6.3e-16   0       
   0         0         0        -6.3e-16   0         0       
   0         0         0         0         0         0       

QFRC_BIAS
  -2.4e-07 
  -60      
  -18      
   0.069   
  -0.042   
   0.00069 
   0.00019 
   0.00045 
  -2.4e-05 
  -0.00019 
  -0.00045 
   2.4e-05 
   0       
   0       
   0.98    
   0       
   0       
   0       

QFRC_SPRING
   0       
   0       
   0       
   0       
   0       
   0       
   0       
   0.078   
   0       
   0       
   0.079   
   0       
   0       
   0       
   0       
   0       
   0       
   0       

QFRC_DAMPER
   0       
   0       
   0       
   0       
   0       
   0       
  -2.5e-10 
   2.9e-09 
   0       
   1.3e-08 
  -2e-09   
   0       
   0       
   0       
   0       
   0       
   0       
   0       

QFRC_GRAVCOMP
   0       
   0       
   0       
   0       
   0       
   0       
   0       
   0       
   0       
   0       
   0       
   0       
   0       
   0       
   0       
   0       
   0       
   0       

QFRC_FLUID
   0       
   0       
   0       
   0       
   0       
   0       
   0       
   0       
   0       
   0       
   0       
   0       
   0       
   0       
   0       
   0       
   0       
   0       

QFRC_PASSIVE
   0       
   0       
   0       
   0       
   0       
   0       
  -2.5e-10 
   0.078   
   0       
   1.3e-08 
   0.079   
   0       
   0       
   0       
   0       
   0       
   0       
   0       

EFC_VEL
  -1.5e-06 
   8.8e-06 
  -4.4e-06 
  -1.8e-06 
  -9.3e-06 
   4.6e-06 
  -1.3e-07 
  -2.5e-09 
   2.3e-06 
   2.9e-06 
   1.3e-07 
  -1.6e-06 
  -3.3e-06 
  -1.1e-05 
   0.00011 
   7.9e-06 
  -9.9e-06 
   7.9e-06 
  -0.00014 
  -1.4e-05 
   7.9e-06 
  -1.3e-05 
  -1.4e-05 
   7.9e-06 
  -1.3e-05 
  -1.6e-05 
   7.8e-06 
   5.1e-05 
   6.3e-16 
   0       
   0       
  -6.3e-16 
   0       
   0       
   2.1e-08 
   5.9e-08 
   7.1e-13 
  -7.7e-08 
   1.5e-09 
  -5.2e-08 
   8.1e-08 
   7.5e-10 
   2.6e-08 
  -8.4e-08 
   1.2e-09 
  -4.2e-08 
  -9.9e-09 
   1.5e-09 
  -9e-08   
  -9.9e-09 
   1.5e-09 
  -9e-08   
  -6.1e-08 
   7.3e-08 
  -8.4e-13 
  -6.1e-08 
   7.3e-08 
  -8.4e-13 
   7.5e-08 
   1.9e-09 
   6.4e-08 
  -8.1e-08 
   4.5e-10 
   2.3e-08 
  -8.1e-08 
   4.5e-10 
   2.3e-08 
   2.5e-08 
   1.9e-09 
   9.7e-08 
   2.5e-08 
   1.9e-09 
   9.7e-08 

EFC_AREF
   2.2e+02 
   38      
   6.5     
  -2.3e+02 
   39      
  -6.9     
   24      
   1.3e+03 
   4e+02   
   1.5e+02 
   1.3e+03 
   3.7e+02 
   1.5e+02 
   0.033   
  -0.012   
  -0.00083 
   0.033   
  -0.00083 
   0.015   
   0.031   
  -0.00083 
   0.0014  
   0.031   
  -0.00083 
   0.0014  
   0.03    
  -0.00082 
  -0.0054  
   75      
  -0       
  -0       
   75      
  -0       
  -0       
   56      
  -6.2e-06 
  -7.5e-11 
   37      
  -1.6e-07 
   5.5e-06 
   37      
  -7.9e-08 
  -2.7e-06 
   26      
  -1.3e-07 
   4.4e-06 
   60      
  -1.6e-07 
   9.5e-06 
   60      
  -1.6e-07 
   9.5e-06 
   30      
  -7.6e-06 
   8.8e-11 
   30      
  -7.6e-06 
   8.8e-11 
   26      
  -2e-07   
  -6.8e-06 
   1.6e+02 
  -2.3e-07 
  -1.2e-05 
   1.6e+02 
  -2.3e-07 
  -1.2e-05 
   1.7e+02 
  -9.7e-07 
  -4.9e-05 
   1.7e+02 
  -9.7e-07 
  -4.9e-05 

SUBTREE_LINVEL
   0         0         0       
   0         0         0       
   0         0         0       
   0         0         0       
   0         0         0       
   0         0         0       
   0         0         0       
   0         0         0       
   0         0         0       
   0         0         0       
   0         0         0       
   0         0         0       
   0         0         0       
   0         0         0       
   0         0         0       
   0         0         0       
   0         0         0       
   0         0         0       
   0         0         0       
   0         0         0       

SUBTREE_ANGMOM
   0         0         0       
   0         0         0       
   0         0         0       
   0         0         0       
   0         0         0       
   0         0         0       
   0         0         0       
   0         0         0       
   0         0         0       
   0         0         0       
   0         0         0       
   0         0         0       
   0         0         0       
   0         0         0       
   0         0         0       
   0         0         0       
   0         0         0       
   0         0         0       
   0         0         0       
   0         0         0       

ACTUATOR_FORCE
  -0.76    
  -50      
  -13      
   0.79    
   0.066   
  -0.026   
  -5       

QFRC_ACTUATOR
  -0.76    
  -50      
  -13      
   0.79    
   0.066   
  -0.026   
  -2.4     
   0       
   0       
  -2.4     
   0       
   0       
   0       
   0       
   0       
   0       
   0       
   0       

QFRC_SMOOTH
  -0.76    
   9.3     
   4.9     
   0.72    
   0.11    
  -0.027   
  -2.4     
   0.078   
   2.4e-05 
  -2.4     
   0.079   
  -2.4e-05 
   0       
   0       
  -0.98    
   0       
   0       
   0       

QACC_SMOOTH
  -0.23    
   0.32    
   5.4     
   4.7     
   2       
  -0.3     
  -4.8e+02 
   71      
   0.69    
  -4.8e+02 
   74      
   0.61    
   0       
   0       
  -9.8     
   0       
   0       
   0       

EFC_B
  -2.5e+02 
  -33      
  -7.5     
   2.6e+02 
  -33      
   7.9     
  -24      
  -8.3e+02 
  -4.7e+02 
  -1.5e+02 
  -8.1e+02 
  -4.5e+02 
  -1.5e+02 
  -2.4     
   1.5     
   0.19    
  -2.4     
   0.19    
  -1.6     
  -2.4     
   0.19    
  -1.4     
  -2.4     
   0.19    
  -1.4     
  -2.4     
   0.19    
  -1.3     
  -85      
   0       
   0       
  -65      
   0       
   0       
  -64      
  -2.4     
  -2.9e-05 
  -38      
  -0.22    
   7.7     
  -38      
  -0.23    
  -7.7     
  -25      
  -0.28    
   9.5     
  -67      
  -0.079   
   4.7     
  -67      
  -0.079   
   4.7     
  -21      
   1.3     
  -1.5e-05 
  -21      
   1.3     
  -1.5e-05 
  -25      
  -0.28    
  -9.5     
  -1.5e+02 
   0.13    
   6.6     
  -1.5e+02 
   0.13    
   6.6     
  -1.6e+02 
  -0.13    
  -6.6     
  -1.6e+02 
  -0.13    
  -6.6     

EFC_FORCE
   1.2e+04 
   2.1e+03 
   3.6e+02 
  -1.2e+04 
   2e+03   
  -3.6e+02 
   2.6     
   6.5e+02 
   8.2     
   15      
   6.4e+02 
   7.8     
   15      
   2.4     
  -2.4     
  -0.19    
   2.6     
  -0.16    
   2.6     
   1.9     
  -0.52    
   1.1     
   1.7     
  -0.48    
   1       
   1.7     
  -0.35    
  -1.7     
   1.4e+02 
  -0       
  -0       
   1.4e+02 
  -0       
  -0       
   1.1e+03 
  -0.017   
  -2e-07   
   3.6e+02 
  -7e-05   
   0.0024  
   3.6e+02 
   3.2e-05 
   0.0011  
   1.7e+02 
   7.9e-06 
  -0.00027 
   3.9e+02 
  -8.3e-05 
   0.0049  
   3.9e+02 
  -8.3e-05 
   0.0049  
   1.9e+02 
  -0.0055  
   6.4e-08 
   1.9e+02 
  -0.0055  
   6.4e-08 
   1.7e+02 
  -4e-05   
  -0.0013  
   4.3e+03 
  -0.00037 
  -0.018   
   4.3e+03 
  -0.00037 
  -0.018   
   4.5e+03 
  -0.00058 
  -0.03    
   4.5e+03 
  -0.00058 
  -0.03    

EFC_STATE
  1
  1
  1
  1
  1
  1
  1
  1
  1
  1
  1
  1
  1
  4
  4
  4
  4
  4
  4
  4
  4
  4
  4
  4
  4
  4
  4
  4
  1
  1
  1
  1
  1
  1
  1
  1
  1
  4
  4
  4
  4
  4
  4
  4
  4
  4
  1
  1
  1
  1
  1
  1
  1
  1
  1
  1
  1
  1
  4
  4
  4
  1
  1
  1
  1
  1
  1
  1
  1
  1
  1
  1
  1

QFRC_CONSTRAINT
   0.76    
  -9.3     
  -4.9     
  -0.72    
  -0.11    
   0.026   
   2.4     
  -0.078   
  -2.4e-05 
   2.4     
  -0.079   
   2.4e-05 
   0       
   0       
   0.98    
   0       
   0       
   0       

QFRC_INVERSE
   0       
   0       
   0       
   0       
   0       
   0       
   0       
   0       
   0       
   0       
   0       
   0       
   0       
   0       
   0       
   0       
   0       
   0       

CACC
   0         0         0         0         0         0       
   0         0         0         0         0         0       
   0         0         0         0         0         0       
   0         0         0         0         0         0       
   0         0         0         0         0         0       
   0         0         0         0         0         0       
   0         0         0         0         0         0       
   0         0         0         0         0         0       
   0         0         0         0         0         0       
   0         0         0         0         0         0       
   0         0         0         0         0         0       
   0         0         0         0         0         0       
   0         0         0         0         0         0       
   0         0         0         0         0         0       
   0         0         0         0         0         0       
   0         0         0         0         0         0       
   0         0         0         0         0         0       
   0         0         0         0         0         0       
   0         0         0         0         0         0       
   0         0         0         0         0         0       

CFRC_INT
   0         0         0         0         0         0       
   0         0         0         0         0         0       
   0         0         0         0         0         0       
   0         0         0         0         0         0       
   0         0         0         0         0         0       
   0         0         0         0         0         0       
   0         0         0         0         0         0       
   0         0         0         0         0         0       
   0         0         0         0         0         0       
   0         0         0         0         0         0       
   0         0         0         0         0         0       
   0         0         0         0         0         0       
   0         0         0         0         0         0       
   0         0         0         0         0         0       
   0         0         0         0         0         0       
   0         0         0         0         0         0       
   0         0         0         0         0         0       
   0         0         0         0         0         0       
   0         0         0         0         0         0       
   0         0         0         0         0         0       

CFRC_EXT
   0         0         0         0         0         0       
   0         0         0         0         0         0       
   0         0         0         0         0         0       
   0         0         0         0         0         0       
   0         0         0         0         0         0       
   0         0         0         0         0         0       
   0         0         0         0         0         0       
   0         0         0         0         0         0       
   0         0         0         0         0         0       
   0         0         0         0         0         0       
   0         0         0         0         0         0       
   0         0         0         0         0         0       
   0         0         0         0         0         0       
   0         0         0         0         0         0       
   0         0         0         0         0         0       
   0         0         0         0         0         0       
   0         0         0         0         0         0       
   0         0         0         0         0         0       
   0         0         0         0         0         0       
   0         0         0         0         0         0       

TREE_ISLAND
  0 0

ISLAND_NTREE
  2

ISLAND_ITREEADR
  0

MAP_ITREE2TREE
  0 1

DOF_ISLAND            0 0 0 0 0 0 0 0 0 0 0 0 0 0 0 0 0 0

ISLAND_NV             18

ISLAND_IDOFADR        0

MAP_IDOF2DOF          0 1 2 3 4 5 6 7 8 9 10 11 12 13 14 15 16 17

EFC_ISLAND            0 0 0 0 0 0 0 0 0 0 0 0 0 0 0 0 0 0 0 0 0 0 0 0 0 0 0 0 0 0 0 0 0 0 0 0 0 0 0 0 0 0 0 0 0 0 0 0 0 0 0 0 0 0 0 0 0 0 0 0 0 0 0 0 0 0 0 0 0 0 0 0 0

ISLAND_NEFC           73

ISLAND_IEFCADR        0

MAP_IEFC2EFC          0 1 2 3 4 5 6 7 8 9 10 11 12 13 14 15 16 17 18 19 20 21 22 23 24 25 26 27 28 29 30 31 32 33 34 35 36 37 38 39 40 41 42 43 44 45 46 47 48 49 50 51 52 53 54 55 56 57 58 59 60 61 62 63 64 65 66 67 68 69 70 71 72

TENDON_EFCADR         -1

